   0    15.98 1.85210017339e+12       16    6.17242426536              N/A     16.11s
   1    12.84    31.1863815545        6    4.24698194677              N/A      1.56m
   2    16.95     19.370017494       17    1.50641115585              N/A      1.94m
   3     14.0     12.120782284       17    1.50641115585              N/A      2.11m
   4    12.72    12.8221318315       18    1.50641115585              N/A      2.14m
   5    17.91    15.3714369169       16    1.50641115585              N/A      2.24m
   6    18.91    11.6442263717       10    1.50641115585              N/A      2.27m
   7    19.43    10.0740145596       25    1.50641115585              N/A      2.32m
   8    20.28    16.9115621946       19    1.50641115585              N/A      2.33m
   9    21.61    9148.82869267       39    1.50641115585              N/A      2.33m
  10    23.28    365.818060352       25    1.50641115585              N/A      2.32m
  11    25.34    16502.2375751       66    1.50641115585              N/A      2.32m
  12    28.13    19.8692560672       65    1.50641115585              N/A      2.35m
  13    32.17 5.51800652473e+21       23    1.50641115585              N/A      2.35m
  14    35.95    10.3353347494       63    1.50641115585              N/A      2.32m
  15    40.19 5.59990878755e+20       66    1.50641115585              N/A      2.27m
  16    45.85    7.41475016845       78    1.50641115585              N/A      2.25m
  17    50.48 2.03235058551e+29      112    1.50641115585              N/A      2.21m
  18    54.44 5.68198291362e+28       71    1.50641115585              N/A      2.17m
  19    58.26    282430816.028       28    1.50641115585              N/A      2.14m
  20    65.13    6.02474240968       73    1.50641115585              N/A      2.09m
  21    69.02 5.05116943682e+31       35    1.50641115585              N/A      2.04m
  22    73.42 9.89814601967e+36       40    1.50641115585              N/A      1.99m
  23    78.75 2.0296262583e+18       37    1.50641115585              N/A      1.95m
  24    80.76    27.4823957751      147    1.13647651026              N/A      1.89m
  25    83.18    4.46463129032      112    1.09488342912              N/A      1.83m
  26   106.28 1.72401288744e+23      147    1.01743077691              N/A      1.79m
  27   142.84    124898.710661       88    0.99008823809              N/A      1.76m
  28   133.54 3.97334379309e+23      148   0.966526533129              N/A      1.71m
  29   132.79 3.42562590572e+23      171     0.9443790155              N/A      1.66m
  30   103.96    7.36271765133      171   0.922671323142              N/A      1.60m
  31   144.77 3.97334379309e+23      158   0.884417404221              N/A      1.53m
  32   172.59    100.810951069      158   0.884417404221              N/A      1.48m
  33   173.96    137.839557163      108   0.849468350757              N/A      1.42m
  34   157.69    4.16945476006      107   0.840718452578              N/A      1.34m
  35    134.7     6.4230749775       91   0.834809507746              N/A      1.27m
  36   119.52    6.42547778135       91   0.834809507746              N/A      1.18m
  37   117.46    55089.8428604      116      0.823925159              N/A      1.09m
  38   110.29    117977.734459      115      0.823925159              N/A      1.01m
  39   118.84    4.78311876683      116      0.823925159              N/A     55.64s
  40    121.7    5.54919939161      145    0.81867981272              N/A     50.34s
  41   125.58    5.58576360363      125   0.809887279902              N/A     44.95s
  42   132.37    45951.2275236      125   0.809887279902              N/A     39.48s
  43   145.03    45949.6671163      125   0.809887279902              N/A     33.96s
  44    136.7    4.00243201931      153   0.806353752205              N/A     28.42s
  45   133.85    3203243.84255      238   0.799691441758              N/A     22.85s
  46   146.55    3.95564061269      239   0.799313403982              N/A     17.23s
  47    184.4    3818.94462753      191    0.79783629757              N/A     11.56s
  48   237.65    11447.5230744      130   0.796838968838              N/A      5.84s
  49   219.84    11446.3439064      242   0.768737302392              N/A      0.00s