 0    15.98 1.85210017339e+12       16    6.17242426536              N/A     16.07s
   1    11.36    31.0792456874        6    4.24698194677              N/A      1.42m
   2    15.28    18.4733469598       19    1.50641115585              N/A      1.76m
   3    12.38    12.5261730943       19    1.50641115585              N/A      2.00m
   4    10.59    13.0689850012       17    1.50641115585              N/A      2.01m
   5    15.07    27.6696847476       19    1.50641115585              N/A      2.07m
   6    14.33    12.8365686797       10    1.50641115585              N/A      2.09m
   7    10.73    15.3219823936       11    1.50641115585              N/A      2.14m
   8     9.55    13.4352858346       10    1.50641115585              N/A      2.14m
   9     8.87    15.4378760043        9    1.50641115585              N/A      2.13m
  10     9.01    13.8548382599        9    1.50641115585              N/A      2.11m
  11     9.01    13.6384897523        9    1.50641115585              N/A      2.08m
  12     8.96    16.1256548581        9    1.50641115585              N/A      2.04m
  13     9.17    15.3182200225        9    1.50641115585              N/A      2.02m
  14     9.05    16.7613556003        9    1.50641115585              N/A      1.98m
  15     8.97    14.9865822031        9    1.50641115585              N/A      1.93m
  16      9.1    14.9013917796        9    1.50641115585              N/A      1.92m
  17     8.95    15.5950380116        9    1.50641115585              N/A      1.87m
  18     9.05    15.3831069752        9    1.50641115585              N/A      1.81m
  19     8.84    15.7026763488        9    1.50641115585              N/A      1.77m
  20     9.18    16.2084608242        9    1.50641115585              N/A      1.72m
  21     8.79     15.392551635        9    1.50641115585              N/A      1.67m
  22     8.88    14.6477008039        9    1.50641115585              N/A      1.61m
  23     9.05    16.1601380072        9    1.50641115585              N/A      1.56m
  24     8.92    16.1057695463        9    1.50641115585              N/A      1.51m
  25     8.82    14.6683717305        9    1.50641115585              N/A      1.45m
  26     9.09    15.0742002716        9    1.50641115585              N/A      1.41m
  27     8.87    13.3637330117        9    1.50641115585              N/A      1.35m
  28     8.76    13.8135974862        9    1.50641115585              N/A      1.30m
  29     8.87    15.1740803174        9    1.50641115585              N/A      1.24m
  30     9.04    14.7360492581        9    1.50641115585              N/A      1.18m
  31     8.92    15.6706301608        9    1.50641115585              N/A      1.11m
  32     9.02    14.8762569924        9    1.50641115585              N/A      1.05m
  33     8.99    14.8405185271        9    1.50641115585              N/A     59.41s
  34     8.94    15.2889449709        9    1.50641115585              N/A     55.81s
  35     8.87    15.2490046875        9    1.50641115585              N/A     52.20s
  36     8.96    14.6786565259        9    1.50641115585              N/A     48.60s
  37     8.92     14.687514921        9    1.50641115585              N/A     44.86s
  38     9.21     16.726794981        9    1.50641115585              N/A     41.20s
  39     9.09    13.9093358693        9    1.50641115585              N/A     37.55s
  40     9.07    15.5663292592        9    1.50641115585              N/A     33.92s
  41     8.88    14.6551388928        9    1.50641115585              N/A     30.21s
  42     8.96    15.3953931023        9    1.50641115585              N/A     26.41s
  43     9.11     15.483000222        9    1.50641115585              N/A     22.63s
  44     8.92    15.7011848377        9    1.50641115585              N/A     18.92s
  45     8.98    15.8964129525        9    1.50641115585              N/A     15.13s
  46     8.87    14.1532588727        9    1.50641115585              N/A     11.37s
  47     9.06     15.893438868        9    1.50641115585              N/A      7.58s
  48     8.94    14.7728197705        9    1.50641115585              N/A      3.80s
  49     8.96    14.7633749357        9    1.50641115585              N/A      0.00s